timestamp,elapsed_sec,up_bid_p1,up_bid_s1,up_bid_p2,up_bid_s2,up_ask_p1,up_ask_s1,up_ask_p2,up_ask_s2,down_bid_p1,down_bid_s1,down_bid_p2,down_bid_s2,down_ask_p1,down_ask_s1,down_ask_p2,down_ask_s2,up_spread,down_spread,hype_price,hype_oracle_ts
1776228311.3,11.3,0.27,10.0,0.11,100.0,0.44,10.0,0.89,100.0,0.56,10.0,0.11,100.0,0.73,10.0,0.89,100.0,0.17,0.17,43.763118,1776228310000
1776228311.689,11.689,0.27,10.0,0.11,100.0,0.44,10.0,0.89,100.0,0.56,10.0,0.11,100.0,0.73,10.0,0.89,100.0,0.17,0.17,43.763118,1776228310000
1776228312.019,12.019,0.27,10.0,0.11,100.0,0.44,10.0,0.89,100.0,0.56,10.0,0.11,100.0,0.73,10.0,0.89,100.0,0.17,0.17,43.762125,1776228311000
1776228313.065,13.065,0.27,10.0,0.11,100.0,0.44,10.0,0.89,100.0,0.56,10.0,0.11,100.0,0.73,10.0,0.89,100.0,0.17,0.17,43.750785,1776228312000
1776228314.024,14.024,0.27,10.0,0.11,100.0,0.44,10.0,0.89,100.0,0.56,10.0,0.11,100.0,0.73,10.0,0.89,100.0,0.17,0.17,43.745806,1776228313000
1776228315.04,15.04,0.27,10.0,0.11,100.0,0.44,10.0,0.89,100.0,0.56,10.0,0.11,100.0,0.73,10.0,0.89,100.0,0.17,0.17,43.744543,1776228314000
1776228316.452,16.452,0.27,10.0,0.11,100.0,0.44,10.0,0.89,100.0,0.56,10.0,0.11,100.0,0.73,10.0,0.89,100.0,0.17,0.17,43.743965,1776228315000
1776228316.843,16.843,0.27,10.0,0.11,100.0,0.44,10.0,0.89,100.0,0.56,10.0,0.11,100.0,0.73,10.0,0.89,100.0,0.17,0.17,43.743965,1776228316000
1776228317.925,17.925,0.27,10.0,0.11,100.0,0.44,10.0,0.89,100.0,0.56,10.0,0.11,100.0,0.73,10.0,0.89,100.0,0.17,0.17,43.744378,1776228317000
1776228318.883,18.883,0.27,10.0,0.11,100.0,0.44,10.0,0.89,100.0,0.56,10.0,0.11,100.0,0.73,10.0,0.89,100.0,0.17,0.17,43.743347,1776228318000
1776228319.897,19.897,0.27,10.0,0.11,100.0,0.44,10.0,0.89,100.0,0.56,10.0,0.11,100.0,0.73,10.0,0.89,100.0,0.17,0.17,43.743347,1776228319000
1776228321.298,21.298,0.27,10.0,0.11,100.0,0.44,10.0,0.89,100.0,0.56,10.0,0.11,100.0,0.73,10.0,0.89,100.0,0.17,0.17,43.74335,1776228320000
1776228322.295,22.295,0.27,10.0,0.11,100.0,0.44,10.0,0.89,100.0,0.56,10.0,0.11,100.0,0.73,10.0,0.89,100.0,0.17,0.17,43.74494,1776228321000
1776228323.195,23.195,0.27,10.0,0.11,100.0,0.44,10.0,0.89,100.0,0.56,10.0,0.11,100.0,0.73,10.0,0.89,100.0,0.17,0.17,43.74569,1776228322000
1776228324.198,24.198,0.27,10.0,0.11,100.0,0.44,10.0,0.89,100.0,0.56,10.0,0.11,100.0,0.73,10.0,0.89,100.0,0.17,0.17,43.746028,1776228323000
1776228325.318,25.318,0.27,10.0,0.11,100.0,0.44,10.0,0.89,100.0,0.56,10.0,0.11,100.0,0.73,10.0,0.89,100.0,0.17,0.17,43.746796,1776228324000
1776228326.23,26.23,0.27,10.0,0.11,100.0,0.44,10.0,0.89,100.0,0.56,10.0,0.11,100.0,0.73,10.0,0.89,100.0,0.17,0.17,43.747294,1776228325000
1776228327.423,27.423,0.27,10.0,0.11,100.0,0.44,10.0,0.89,100.0,0.56,10.0,0.11,100.0,0.73,10.0,0.89,100.0,0.17,0.17,43.749068,1776228326000
1776228328.078,28.078,0.27,10.0,0.11,100.0,0.44,10.0,0.89,100.0,0.56,10.0,0.11,100.0,0.73,10.0,0.89,100.0,0.17,0.17,43.750305,1776228327000
1776228329.27,29.27,0.27,10.0,0.11,100.0,0.44,10.0,0.89,100.0,0.56,10.0,0.11,100.0,0.73,10.0,0.89,100.0,0.17,0.17,43.750011,1776228328000
1776228330.293,30.293,0.27,10.0,0.11,100.0,0.44,10.0,0.89,100.0,0.56,10.0,0.11,100.0,0.73,10.0,0.89,100.0,0.17,0.17,43.745432,1776228329000
1776228331.612,31.612,0.27,10.0,0.11,100.0,0.44,10.0,0.89,100.0,0.56,10.0,0.11,100.0,0.73,10.0,0.89,100.0,0.17,0.17,43.745385,1776228330000
1776228331.985,31.985,0.27,10.0,0.11,100.0,0.44,10.0,0.89,100.0,0.56,10.0,0.11,100.0,0.73,10.0,0.89,100.0,0.17,0.17,43.745467,1776228331000
1776228333.086,33.086,0.27,10.0,0.11,100.0,0.44,10.0,0.89,100.0,0.56,10.0,0.11,100.0,0.73,10.0,0.89,100.0,0.17,0.17,43.745473,1776228332000
1776228334.149,34.149,0.27,10.0,0.11,100.0,0.44,10.0,0.89,100.0,0.56,10.0,0.11,100.0,0.73,10.0,0.89,100.0,0.17,0.17,43.744854,1776228333000
1776228335.276,35.276,0.27,10.0,0.11,100.0,0.44,10.0,0.89,100.0,0.56,10.0,0.11,100.0,0.73,10.0,0.89,100.0,0.17,0.17,43.744835,1776228334000
1776228336.422,36.422,0.27,10.0,0.11,100.0,0.44,10.0,0.89,100.0,0.56,10.0,0.11,100.0,0.73,10.0,0.89,100.0,0.17,0.17,43.744672,1776228335000
1776228336.863,36.863,0.27,10.0,0.11,100.0,0.44,10.0,0.89,100.0,0.56,10.0,0.11,100.0,0.73,10.0,0.89,100.0,0.17,0.17,43.744498,1776228336000
1776228337.987,37.987,0.27,10.0,0.11,100.0,0.44,10.0,0.89,100.0,0.56,10.0,0.11,100.0,0.73,10.0,0.89,100.0,0.17,0.17,43.745328,1776228337000
1776228338.951,38.951,0.27,10.0,0.11,100.0,0.44,10.0,0.89,100.0,0.56,10.0,0.11,100.0,0.73,10.0,0.89,100.0,0.17,0.17,43.74531,1776228338000
1776228340.767,40.767,0.27,10.0,0.11,100.0,0.44,10.0,0.89,100.0,0.56,10.0,0.11,100.0,0.73,10.0,0.89,100.0,0.17,0.17,43.74531,1776228339000
1776228341.768,41.768,0.27,10.0,0.11,100.0,0.44,10.0,0.89,100.0,0.56,10.0,0.11,100.0,0.73,10.0,0.89,100.0,0.17,0.17,43.745308,1776228340000
1776228342.273,42.273,0.27,10.0,0.11,100.0,0.44,10.0,0.89,100.0,0.56,10.0,0.11,100.0,0.73,10.0,0.89,100.0,0.17,0.17,43.744781,1776228341000
1776228343.481,43.481,0.27,10.0,0.11,100.0,0.44,10.0,0.89,100.0,0.56,10.0,0.11,100.0,0.73,10.0,0.89,100.0,0.17,0.17,43.744517,1776228342000
1776228344.193,44.193,0.27,10.0,0.11,100.0,0.44,10.0,0.89,100.0,0.56,10.0,0.11,100.0,0.73,10.0,0.89,100.0,0.17,0.17,43.744517,1776228343000
1776228345.116,45.116,0.27,10.0,0.11,100.0,0.44,10.0,0.89,100.0,0.56,10.0,0.11,100.0,0.73,10.0,0.89,100.0,0.17,0.17,43.744517,1776228344000
1776228346.244,46.244,0.27,10.0,0.11,100.0,0.44,10.0,0.89,100.0,0.56,10.0,0.11,100.0,0.73,10.0,0.89,100.0,0.17,0.17,43.739511,1776228345000
1776228347.804,47.804,0.27,10.0,0.11,100.0,0.44,10.0,0.89,100.0,0.56,10.0,0.11,100.0,0.73,10.0,0.89,100.0,0.17,0.17,43.737372,1776228346000
1776228348.402,48.402,0.27,10.0,0.11,100.0,0.44,10.0,0.89,100.0,0.56,10.0,0.11,100.0,0.73,10.0,0.89,100.0,0.17,0.17,43.735591,1776228347000
1776228349.07,49.07,0.27,10.0,0.11,100.0,0.44,10.0,0.89,100.0,0.56,10.0,0.11,100.0,0.73,10.0,0.89,100.0,0.17,0.17,43.735591,1776228348000
1776228350.628,50.628,0.27,10.0,0.11,100.0,0.44,10.0,0.89,100.0,0.56,10.0,0.11,100.0,0.73,10.0,0.89,100.0,0.17,0.17,43.731657,1776228349000
1776228351.322,51.322,0.27,10.0,0.11,100.0,0.44,10.0,0.89,100.0,0.56,10.0,0.11,100.0,0.73,10.0,0.89,100.0,0.17,0.17,43.731591,1776228350000
1776228352.473,52.473,0.27,10.0,0.11,100.0,0.44,10.0,0.89,100.0,0.56,10.0,0.11,100.0,0.73,10.0,0.89,100.0,0.17,0.17,43.731972,1776228351000
1776228353.349,53.349,0.27,10.0,0.11,100.0,0.44,10.0,0.89,100.0,0.56,10.0,0.11,100.0,0.73,10.0,0.89,100.0,0.17,0.17,43.731972,1776228352000
1776228353.997,53.997,0.23,15.0,0.22,15.0,0.28,5.0,0.3,5.0,0.56,10.0,0.11,100.0,0.73,10.0,0.89,100.0,0.05,0.17,43.731972,1776228352000
1776228355.256,55.256,0.23,15.0,0.22,15.0,0.28,5.0,0.3,5.0,0.72,5.0,0.7,5.0,0.77,15.0,0.78,15.0,0.05,0.05,43.730963,1776228354000
1776228356.256,56.256,0.23,15.0,0.22,15.0,0.28,5.0,0.3,5.0,0.72,5.0,0.7,5.0,0.77,15.0,0.78,15.0,0.05,0.05,43.726361,1776228355000
1776228357.093,57.093,0.23,15.0,0.22,15.0,0.28,5.0,0.3,5.0,0.72,5.0,0.7,5.0,0.77,15.0,0.78,15.0,0.05,0.05,43.722718,1776228356000
1776228358.217,58.217,0.23,15.0,0.22,15.0,0.28,5.0,0.3,5.0,0.72,5.0,0.7,5.0,0.77,15.0,0.78,15.0,0.05,0.05,43.72038,1776228357000
1776228359.163,59.163,0.23,15.0,0.22,15.0,0.28,5.0,0.3,5.0,0.72,5.0,0.7,5.0,0.77,15.0,0.78,15.0,0.05,0.05,43.716992,1776228358000
1776228360.069,60.069,0.23,15.0,0.22,15.0,0.28,5.0,0.3,5.0,0.72,5.0,0.7,5.0,0.77,15.0,0.78,15.0,0.05,0.05,43.714424,1776228359000
1776228361.109,61.109,0.23,15.0,0.22,15.0,0.28,5.0,0.3,5.0,0.72,5.0,0.7,5.0,0.77,15.0,0.78,15.0,0.05,0.05,43.721421,1776228360000
1776228362.135,62.135,0.23,15.0,0.22,15.0,0.28,5.0,0.3,5.0,0.72,5.0,0.7,5.0,0.77,15.0,0.78,15.0,0.05,0.05,43.723541,1776228361000
1776228363.156,63.156,0.23,15.0,0.22,15.0,0.28,5.0,0.3,5.0,0.72,5.0,0.7,5.0,0.77,15.0,0.78,15.0,0.05,0.05,43.723598,1776228362000
1776228364.121,64.121,0.23,15.0,0.22,15.0,0.28,5.0,0.3,5.0,0.72,5.0,0.7,5.0,0.77,15.0,0.78,15.0,0.05,0.05,43.724483,1776228363000
1776228365.083,65.083,0.23,15.0,0.22,15.0,0.28,5.0,0.3,5.0,0.72,5.0,0.7,5.0,0.77,15.0,0.78,15.0,0.05,0.05,43.725405,1776228364000
1776228366.244,66.244,0.23,15.0,0.22,15.0,0.28,5.0,0.3,5.0,0.72,5.0,0.7,5.0,0.77,15.0,0.78,15.0,0.05,0.05,43.724539,1776228365000
1776228366.512,66.512,0.26,7.31,0.25,15.0,0.34,15.0,0.35,5.0,0.72,5.0,0.7,5.0,0.77,15.0,0.78,15.0,0.08,0.05,43.724539,1776228365000
1776228367.117,67.117,0.26,7.31,0.25,15.0,0.34,15.0,0.35,5.0,0.66,15.0,0.65,5.0,0.74,7.31,0.75,15.0,0.08,0.08,43.724539,1776228366000
1776228368.17,68.17,0.26,7.31,0.25,15.0,0.34,15.0,0.35,5.0,0.66,15.0,0.65,5.0,0.74,7.31,0.75,15.0,0.08,0.08,43.729843,1776228367000
1776228369.235,69.235,0.26,7.31,0.25,15.0,0.34,15.0,0.35,5.0,0.66,15.0,0.65,5.0,0.74,7.31,0.75,15.0,0.08,0.08,43.729911,1776228368000
1776228370.18,70.18,0.26,7.31,0.25,15.0,0.34,15.0,0.35,5.0,0.66,15.0,0.65,5.0,0.74,7.31,0.75,15.0,0.08,0.08,43.730239,1776228369000
1776228371.489,71.489,0.26,7.31,0.25,15.0,0.34,15.0,0.35,5.0,0.66,15.0,0.65,5.0,0.74,7.31,0.75,15.0,0.08,0.08,43.73076,1776228370000
1776228372.386,72.386,0.26,7.31,0.25,15.0,0.34,15.0,0.35,5.0,0.66,15.0,0.65,5.0,0.74,7.31,0.75,15.0,0.08,0.08,43.73102,1776228371000
1776228373.926,73.926,0.26,7.31,0.25,15.0,0.34,15.0,0.35,5.0,0.66,15.0,0.65,5.0,0.74,7.31,0.75,15.0,0.08,0.08,43.729848,1776228372000
1776228374.592,74.592,0.26,7.31,0.25,15.0,0.34,15.0,0.35,5.0,0.66,15.0,0.65,5.0,0.74,7.31,0.75,15.0,0.08,0.08,43.730109,1776228373000
1776228375.159,75.159,0.26,7.31,0.25,15.0,0.34,15.0,0.35,5.0,0.66,15.0,0.65,5.0,0.74,7.31,0.75,15.0,0.08,0.08,43.730109,1776228374000
1776228376.506,76.506,0.26,7.31,0.25,15.0,0.34,15.0,0.35,5.0,0.66,15.0,0.65,5.0,0.74,7.31,0.75,15.0,0.08,0.08,43.727631,1776228375000
1776228377.213,77.213,0.26,7.31,0.25,15.0,0.34,15.0,0.35,5.0,0.66,15.0,0.65,5.0,0.74,7.31,0.75,15.0,0.08,0.08,43.721481,1776228376000
1776228378.435,78.435,0.26,7.31,0.25,15.0,0.34,15.0,0.35,5.0,0.66,15.0,0.65,5.0,0.74,7.31,0.75,15.0,0.08,0.08,43.71148,1776228377000
1776228378.995,78.995,0.26,7.31,0.25,15.0,0.34,15.0,0.35,5.0,0.66,15.0,0.65,5.0,0.74,7.31,0.75,15.0,0.08,0.08,43.71148,1776228378000
1776228380.221,80.221,0.26,7.31,0.25,15.0,0.34,15.0,0.35,5.0,0.66,15.0,0.65,5.0,0.74,7.31,0.75,15.0,0.08,0.08,43.710589,1776228379000
1776228380.437,80.437,0.16,1.66,0.15,15.0,0.22,5.0,0.23,15.0,0.66,15.0,0.65,5.0,0.74,7.31,0.75,15.0,0.06,0.08,43.710589,1776228379000
1776228381.583,81.583,0.16,1.66,0.15,15.0,0.22,5.0,0.23,15.0,0.78,5.0,0.77,15.0,0.84,1.66,0.85,15.0,0.06,0.06,43.71004,1776228380000
1776228382.112,82.112,0.16,1.66,0.15,15.0,0.22,5.0,0.23,15.0,0.78,5.0,0.77,15.0,0.84,1.66,0.85,15.0,0.06,0.06,43.709999,1776228381000
1776228383.346,83.346,0.16,1.66,0.15,15.0,0.22,5.0,0.23,15.0,0.78,5.0,0.77,15.0,0.84,1.66,0.85,15.0,0.06,0.06,43.709999,1776228382000
1776228384.521,84.521,0.16,1.66,0.15,15.0,0.22,5.0,0.23,15.0,0.78,5.0,0.77,15.0,0.84,1.66,0.85,15.0,0.06,0.06,43.709999,1776228383000
1776228385.151,85.151,0.16,1.66,0.15,15.0,0.22,5.0,0.23,15.0,0.78,5.0,0.77,15.0,0.84,1.66,0.85,15.0,0.06,0.06,43.709999,1776228384000
1776228386.384,86.384,0.16,1.66,0.15,15.0,0.22,5.0,0.23,15.0,0.78,5.0,0.77,15.0,0.84,1.66,0.85,15.0,0.06,0.06,43.713495,1776228385000
1776228388.196,88.196,0.16,1.66,0.15,15.0,0.22,5.0,0.23,15.0,0.78,5.0,0.77,15.0,0.84,1.66,0.85,15.0,0.06,0.06,43.713685,1776228387000
1776228389.534,89.534,0.16,1.66,0.15,15.0,0.22,5.0,0.23,15.0,0.78,5.0,0.77,15.0,0.84,1.66,0.85,15.0,0.06,0.06,43.714534,1776228388000
1776228390.309,90.309,0.16,1.66,0.15,15.0,0.22,5.0,0.23,15.0,0.78,5.0,0.77,15.0,0.84,1.66,0.85,15.0,0.06,0.06,43.713631,1776228389000
1776228391.021,91.021,0.16,1.66,0.15,15.0,0.22,5.0,0.23,15.0,0.78,5.0,0.77,15.0,0.84,1.66,0.85,15.0,0.06,0.06,43.713824,1776228390000
1776228392.39,92.39,0.16,1.66,0.15,15.0,0.22,5.0,0.23,15.0,0.78,5.0,0.77,15.0,0.84,1.66,0.85,15.0,0.06,0.06,43.711961,1776228391000
1776228393.069,93.069,0.16,1.66,0.15,15.0,0.22,5.0,0.23,15.0,0.78,5.0,0.77,15.0,0.84,1.66,0.85,15.0,0.06,0.06,43.712221,1776228392000
1776228394.496,94.496,0.16,1.66,0.15,15.0,0.22,5.0,0.23,15.0,0.78,5.0,0.77,15.0,0.84,1.66,0.85,15.0,0.06,0.06,43.712663,1776228393000
1776228395.11,95.11,0.16,1.66,0.15,15.0,0.22,5.0,0.23,15.0,0.78,5.0,0.77,15.0,0.84,1.66,0.85,15.0,0.06,0.06,43.716096,1776228394000
1776228396.464,96.464,0.16,1.66,0.15,15.0,0.22,5.0,0.23,15.0,0.78,5.0,0.77,15.0,0.84,1.66,0.85,15.0,0.06,0.06,43.716843,1776228395000
1776228397.128,97.128,0.16,1.66,0.15,15.0,0.22,5.0,0.23,15.0,0.78,5.0,0.77,15.0,0.84,1.66,0.85,15.0,0.06,0.06,43.716911,1776228396000
1776228398.512,98.512,0.16,1.66,0.15,15.0,0.22,5.0,0.23,15.0,0.78,5.0,0.77,15.0,0.84,1.66,0.85,15.0,0.06,0.06,43.71685,1776228397000
1776228399.143,99.143,0.16,1.66,0.15,15.0,0.22,5.0,0.23,15.0,0.78,5.0,0.77,15.0,0.84,1.66,0.85,15.0,0.06,0.06,43.71459,1776228398000
1776228399.92,99.92,0.16,1.66,0.15,15.0,0.22,5.0,0.23,15.0,0.78,5.0,0.77,15.0,0.84,1.66,0.85,15.0,0.06,0.06,43.714318,1776228399000
1776228401.228,101.228,0.16,1.66,0.15,15.0,0.22,5.0,0.23,15.0,0.78,5.0,0.77,15.0,0.84,1.66,0.85,15.0,0.06,0.06,43.712019,1776228400000
1776228402.538,102.538,0.16,1.66,0.15,15.0,0.22,5.0,0.23,15.0,0.78,5.0,0.77,15.0,0.84,1.66,0.85,15.0,0.06,0.06,43.7127,1776228401000
1776228403.26,103.26,0.16,1.66,0.15,15.0,0.22,5.0,0.23,15.0,0.78,5.0,0.77,15.0,0.84,1.66,0.85,15.0,0.06,0.06,43.711555,1776228402000
1776228404.381,104.381,0.16,1.66,0.15,15.0,0.22,5.0,0.23,15.0,0.78,5.0,0.77,15.0,0.84,1.66,0.85,15.0,0.06,0.06,43.711271,1776228403000
1776228405.624,105.624,0.16,1.66,0.15,15.0,0.22,5.0,0.23,15.0,0.78,5.0,0.77,15.0,0.84,1.66,0.85,15.0,0.06,0.06,43.71086,1776228404000
1776228406.775,106.775,0.16,1.66,0.15,15.0,0.22,5.0,0.23,15.0,0.78,5.0,0.77,15.0,0.84,1.66,0.85,15.0,0.06,0.06,43.71086,1776228405000
1776228407.442,107.442,0.16,1.66,0.15,15.0,0.22,5.0,0.23,15.0,0.78,5.0,0.77,15.0,0.84,1.66,0.85,15.0,0.06,0.06,43.710734,1776228406000
1776228408.026,108.026,0.16,1.66,0.15,15.0,0.22,5.0,0.23,15.0,0.78,5.0,0.77,15.0,0.84,1.66,0.85,15.0,0.06,0.06,43.710734,1776228407000
1776228409.744,109.744,0.16,1.66,0.15,15.0,0.22,5.0,0.23,15.0,0.78,5.0,0.77,15.0,0.84,1.66,0.85,15.0,0.06,0.06,43.713001,1776228408000
1776228410.471,110.471,0.16,1.66,0.15,15.0,0.22,5.0,0.23,15.0,0.78,5.0,0.77,15.0,0.84,1.66,0.85,15.0,0.06,0.06,43.71276,1776228409000
1776228411.062,111.062,0.16,1.66,0.15,15.0,0.22,5.0,0.23,15.0,0.78,5.0,0.77,15.0,0.84,1.66,0.85,15.0,0.06,0.06,43.71276,1776228410000
1776228412.389,112.389,0.16,1.66,0.15,15.0,0.22,5.0,0.23,15.0,0.78,5.0,0.77,15.0,0.84,1.66,0.85,15.0,0.06,0.06,43.715902,1776228411000
1776228413.183,113.183,0.16,1.66,0.15,15.0,0.22,5.0,0.23,15.0,0.78,5.0,0.77,15.0,0.84,1.66,0.85,15.0,0.06,0.06,43.715654,1776228412000
1776228414.576,114.576,0.16,1.66,0.15,15.0,0.22,5.0,0.23,15.0,0.78,5.0,0.77,15.0,0.84,1.66,0.85,15.0,0.06,0.06,43.71603,1776228413000
1776228415.307,115.307,0.16,1.66,0.15,15.0,0.22,5.0,0.23,15.0,0.78,5.0,0.77,15.0,0.84,1.66,0.85,15.0,0.06,0.06,43.715961,1776228414000
1776228416.713,116.713,0.16,1.66,0.15,15.0,0.22,5.0,0.23,15.0,0.78,5.0,0.77,15.0,0.84,1.66,0.85,15.0,0.06,0.06,43.715707,1776228415000
1776228417.435,117.435,0.16,1.66,0.15,15.0,0.22,5.0,0.23,15.0,0.78,5.0,0.77,15.0,0.84,1.66,0.85,15.0,0.06,0.06,43.71557,1776228416000
1776228418.086,118.086,0.16,1.66,0.15,15.0,0.22,5.0,0.23,15.0,0.78,5.0,0.77,15.0,0.84,1.66,0.85,15.0,0.06,0.06,43.71557,1776228417000
1776228419.603,119.603,0.16,1.66,0.15,15.0,0.22,5.0,0.23,15.0,0.78,5.0,0.77,15.0,0.84,1.66,0.85,15.0,0.06,0.06,43.715953,1776228418000
1776228420.29,120.29,0.16,1.66,0.15,15.0,0.22,5.0,0.23,15.0,0.78,5.0,0.77,15.0,0.84,1.66,0.85,15.0,0.06,0.06,43.714793,1776228419000
1776228421.019,121.019,0.16,1.66,0.15,15.0,0.22,5.0,0.23,15.0,0.78,5.0,0.77,15.0,0.84,1.66,0.85,15.0,0.06,0.06,43.715373,1776228420000
1776228422.518,122.518,0.16,1.66,0.15,15.0,0.22,5.0,0.23,15.0,0.78,5.0,0.77,15.0,0.84,1.66,0.85,15.0,0.06,0.06,43.71551,1776228421000
1776228423.212,123.212,0.16,1.66,0.15,15.0,0.22,5.0,0.23,15.0,0.78,5.0,0.77,15.0,0.84,1.66,0.85,15.0,0.06,0.06,43.714436,1776228422000
1776228424.367,124.367,0.16,1.66,0.15,15.0,0.22,5.0,0.23,15.0,0.78,5.0,0.77,15.0,0.84,1.66,0.85,15.0,0.06,0.06,43.712273,1776228423000
1776228424.938,124.938,0.16,1.66,0.15,15.0,0.22,5.0,0.23,15.0,0.78,5.0,0.77,15.0,0.84,1.66,0.85,15.0,0.06,0.06,43.712273,1776228424000
1776228426.149,126.149,0.16,1.66,0.15,15.0,0.22,5.0,0.23,15.0,0.78,5.0,0.77,15.0,0.84,1.66,0.85,15.0,0.06,0.06,43.712066,1776228425000
1776228427.019,127.019,0.16,1.66,0.15,15.0,0.22,5.0,0.23,15.0,0.78,5.0,0.77,15.0,0.84,1.66,0.85,15.0,0.06,0.06,43.711929,1776228426000
1776228428.19,128.19,0.16,1.66,0.15,15.0,0.22,5.0,0.23,15.0,0.78,5.0,0.77,15.0,0.84,1.66,0.85,15.0,0.06,0.06,43.711928,1776228427000
1776228429.236,129.236,0.16,1.66,0.15,15.0,0.22,5.0,0.23,15.0,0.78,5.0,0.77,15.0,0.84,1.66,0.85,15.0,0.06,0.06,43.711929,1776228428000
1776228430.167,130.167,0.16,1.66,0.15,15.0,0.22,5.0,0.23,15.0,0.78,5.0,0.77,15.0,0.84,1.66,0.85,15.0,0.06,0.06,43.711929,1776228429000
1776228431.352,131.352,0.16,1.66,0.15,15.0,0.22,5.0,0.23,15.0,0.78,5.0,0.77,15.0,0.84,1.66,0.85,15.0,0.06,0.06,43.711801,1776228430000
1776228432.341,132.341,0.16,1.66,0.15,15.0,0.22,5.0,0.23,15.0,0.78,5.0,0.77,15.0,0.84,1.66,0.85,15.0,0.06,0.06,43.711801,1776228431000
1776228432.887,132.887,0.16,1.66,0.15,15.0,0.22,5.0,0.23,15.0,0.78,5.0,0.77,15.0,0.84,1.66,0.85,15.0,0.06,0.06,43.711664,1776228432000
1776228433.898,133.898,0.16,1.66,0.15,15.0,0.22,5.0,0.23,15.0,0.78,5.0,0.77,15.0,0.84,1.66,0.85,15.0,0.06,0.06,43.713008,1776228433000
1776228434.449,134.449,0.13,15.0,0.12,15.0,0.2,10.0,0.23,15.0,0.78,5.0,0.77,15.0,0.84,1.66,0.85,15.0,0.07,0.06,43.713008,1776228433000
1776228435.087,135.087,0.13,15.0,0.12,15.0,0.2,10.0,0.23,15.0,0.8,10.0,0.77,15.0,0.87,15.0,0.88,15.0,0.07,0.07,43.713282,1776228434000
1776228436.142,136.142,0.13,15.0,0.12,15.0,0.2,10.0,0.23,15.0,0.8,10.0,0.77,15.0,0.87,15.0,0.88,15.0,0.07,0.07,43.713026,1776228435000
1776228437.224,137.224,0.13,15.0,0.12,15.0,0.2,10.0,0.23,15.0,0.8,10.0,0.77,15.0,0.87,15.0,0.88,15.0,0.07,0.07,43.713769,1776228436000
1776228437.52,137.52,0.14,15.0,0.13,15.0,0.21,10.0,0.23,15.0,0.8,10.0,0.77,15.0,0.87,15.0,0.88,15.0,0.07,0.07,43.713769,1776228436000
1776228438.268,138.268,0.14,15.0,0.13,15.0,0.21,10.0,0.23,15.0,0.79,10.0,0.77,15.0,0.86,15.0,0.87,15.0,0.07,0.07,43.714865,1776228437000
1776228439.916,139.916,0.14,15.0,0.13,15.0,0.21,10.0,0.23,15.0,0.79,10.0,0.77,15.0,0.86,15.0,0.87,15.0,0.07,0.07,43.713632,1776228439000
1776228441.34,141.34,0.14,15.0,0.13,15.0,0.21,10.0,0.23,15.0,0.79,10.0,0.77,15.0,0.86,15.0,0.87,15.0,0.07,0.07,43.713512,1776228440000
1776228442.066,142.066,0.14,15.0,0.13,15.0,0.21,10.0,0.23,15.0,0.79,10.0,0.77,15.0,0.86,15.0,0.87,15.0,0.07,0.07,43.713512,1776228441000
1776228442.326,142.326,0.14,15.0,0.13,15.0,0.22,10.0,0.24,15.0,0.79,10.0,0.77,15.0,0.86,15.0,0.87,15.0,0.08,0.07,43.713512,1776228441000
1776228443.723,143.723,0.14,15.0,0.13,15.0,0.22,10.0,0.24,15.0,0.78,10.0,0.76,15.0,0.86,15.0,0.87,15.0,0.08,0.08,43.713509,1776228442000
1776228444.378,144.378,0.14,15.0,0.13,15.0,0.22,10.0,0.24,15.0,0.78,10.0,0.76,15.0,0.86,15.0,0.87,15.0,0.08,0.08,43.713509,1776228443000
1776228445.166,145.166,0.14,15.0,0.13,15.0,0.22,10.0,0.24,15.0,0.78,10.0,0.76,15.0,0.86,15.0,0.87,15.0,0.08,0.08,43.712555,1776228444000
1776228445.393,145.393,0.12,2.55,0.11,15.0,0.19,25.0,0.2,15.0,0.78,10.0,0.76,15.0,0.86,15.0,0.87,15.0,0.07,0.08,43.712555,1776228444000
1776228446.727,146.727,0.12,2.55,0.11,15.0,0.19,25.0,0.2,15.0,0.81,25.0,0.8,15.0,0.88,2.55,0.89,15.0,0.07,0.07,43.712758,1776228445000
1776228447.495,147.495,0.12,2.55,0.11,15.0,0.19,25.0,0.2,15.0,0.81,25.0,0.8,15.0,0.88,2.55,0.89,15.0,0.07,0.07,43.712758,1776228446000
1776228448.206,148.206,0.12,2.55,0.11,15.0,0.19,25.0,0.2,15.0,0.81,25.0,0.8,15.0,0.88,2.55,0.89,15.0,0.07,0.07,43.712415,1776228447000
1776228449.119,149.119,0.12,2.55,0.11,15.0,0.19,25.0,0.2,15.0,0.81,25.0,0.8,15.0,0.88,2.55,0.89,15.0,0.07,0.07,43.710525,1776228448000
1776228450.357,150.357,0.12,2.55,0.11,15.0,0.19,25.0,0.2,15.0,0.81,25.0,0.8,15.0,0.88,2.55,0.89,15.0,0.07,0.07,43.708897,1776228449000
1776228451.287,151.287,0.12,2.55,0.11,15.0,0.19,25.0,0.2,15.0,0.81,25.0,0.8,15.0,0.88,2.55,0.89,15.0,0.07,0.07,43.707231,1776228450000
1776228452.522,152.522,0.12,2.55,0.11,15.0,0.19,25.0,0.2,15.0,0.81,25.0,0.8,15.0,0.88,2.55,0.89,15.0,0.07,0.07,43.704885,1776228451000
1776228453.384,153.384,0.12,2.55,0.11,15.0,0.19,25.0,0.2,15.0,0.81,25.0,0.8,15.0,0.88,2.55,0.89,15.0,0.07,0.07,43.704885,1776228452000
1776228453.989,153.989,0.08,13.91,0.07,15.0,0.13,15.0,0.14,15.0,0.87,15.0,0.86,15.0,0.92,13.91,0.93,15.0,0.05,0.05,43.704679,1776228453000
1776228455.397,155.397,0.08,13.91,0.07,15.0,0.13,15.0,0.14,15.0,0.87,15.0,0.86,15.0,0.92,13.91,0.93,15.0,0.05,0.05,43.704281,1776228454000
1776228456.055,156.055,0.08,13.91,0.07,15.0,0.13,15.0,0.14,15.0,0.87,15.0,0.86,15.0,0.92,13.91,0.93,15.0,0.05,0.05,43.704281,1776228455000
1776228457.267,157.267,0.08,13.91,0.07,15.0,0.13,15.0,0.14,15.0,0.87,15.0,0.86,15.0,0.92,13.91,0.93,15.0,0.05,0.05,43.704213,1776228456000
1776228458.422,158.422,0.08,13.91,0.07,15.0,0.13,15.0,0.14,15.0,0.87,15.0,0.86,15.0,0.92,13.91,0.93,15.0,0.05,0.05,43.704144,1776228457000
1776228458.977,158.977,0.08,13.91,0.07,15.0,0.13,15.0,0.14,15.0,0.87,15.0,0.86,15.0,0.92,13.91,0.93,15.0,0.05,0.05,43.704144,1776228458000
1776228459.968,159.968,0.08,13.91,0.07,15.0,0.13,15.0,0.14,15.0,0.87,15.0,0.86,15.0,0.92,13.91,0.93,15.0,0.05,0.05,43.7044,1776228459000
1776228461.095,161.095,0.08,13.91,0.07,15.0,0.13,15.0,0.14,15.0,0.87,15.0,0.86,15.0,0.92,13.91,0.93,15.0,0.05,0.05,43.704272,1776228460000
1776228462.296,162.296,0.08,13.91,0.07,15.0,0.13,15.0,0.14,15.0,0.87,15.0,0.86,15.0,0.92,13.91,0.93,15.0,0.05,0.05,43.704272,1776228461000
1776228463.386,163.386,0.08,13.91,0.07,15.0,0.13,15.0,0.14,15.0,0.87,15.0,0.86,15.0,0.92,13.91,0.93,15.0,0.05,0.05,43.704272,1776228462000
1776228463.909,163.909,0.08,13.91,0.07,15.0,0.13,15.0,0.14,15.0,0.87,15.0,0.86,15.0,0.92,13.91,0.93,15.0,0.05,0.05,43.704272,1776228463000
1776228465.116,165.116,0.08,13.91,0.07,15.0,0.13,15.0,0.14,15.0,0.87,15.0,0.86,15.0,0.92,13.91,0.93,15.0,0.05,0.05,43.704272,1776228464000
1776228466.246,166.246,0.08,13.91,0.07,15.0,0.13,15.0,0.14,15.0,0.87,15.0,0.86,15.0,0.92,13.91,0.93,15.0,0.05,0.05,43.704274,1776228465000
1776228466.942,166.942,0.08,13.91,0.07,15.0,0.13,15.0,0.14,15.0,0.87,15.0,0.86,15.0,0.92,13.91,0.93,15.0,0.05,0.05,43.704274,1776228466000
1776228468.144,168.144,0.08,13.91,0.07,15.0,0.13,15.0,0.14,15.0,0.87,15.0,0.86,15.0,0.92,13.91,0.93,15.0,0.05,0.05,43.704273,1776228467000
1776228469.302,169.302,0.08,13.91,0.07,15.0,0.13,15.0,0.14,15.0,0.87,15.0,0.86,15.0,0.92,13.91,0.93,15.0,0.05,0.05,43.703841,1776228468000
1776228469.844,169.844,0.08,13.91,0.07,15.0,0.13,15.0,0.14,15.0,0.87,15.0,0.86,15.0,0.92,13.91,0.93,15.0,0.05,0.05,43.704274,1776228469000
1776228471.077,171.077,0.08,13.91,0.07,15.0,0.13,15.0,0.14,15.0,0.87,15.0,0.86,15.0,0.92,13.91,0.93,15.0,0.05,0.05,43.703638,1776228470000
1776228472.408,172.408,0.08,13.91,0.07,15.0,0.13,15.0,0.14,15.0,0.87,15.0,0.86,15.0,0.92,13.91,0.93,15.0,0.05,0.05,43.703536,1776228471000
1776228473.159,173.159,0.08,8.45,0.07,15.0,0.13,15.0,0.14,15.0,0.87,15.0,0.86,15.0,0.92,8.45,0.93,15.0,0.05,0.05,43.703536,1776228472000
1776228474.08,174.08,0.08,8.45,0.07,15.0,0.13,15.0,0.14,15.0,0.87,15.0,0.86,15.0,0.92,8.45,0.93,15.0,0.05,0.05,43.703536,1776228473000
1776228475.666,175.666,0.08,8.45,0.07,15.0,0.13,15.0,0.14,15.0,0.87,15.0,0.86,15.0,0.92,8.45,0.93,15.0,0.05,0.05,43.70292,1776228474000
1776228476.347,176.347,0.08,8.45,0.07,15.0,0.13,15.0,0.14,15.0,0.87,15.0,0.86,15.0,0.92,8.45,0.93,15.0,0.05,0.05,43.70292,1776228475000
1776228477.538,177.538,0.08,8.45,0.07,15.0,0.13,15.0,0.14,15.0,0.87,15.0,0.86,15.0,0.92,8.45,0.93,15.0,0.05,0.05,43.70292,1776228476000
1776228478.336,178.336,0.08,8.45,0.07,15.0,0.13,15.0,0.14,15.0,0.87,15.0,0.86,15.0,0.92,8.45,0.93,15.0,0.05,0.05,43.70292,1776228477000
1776228478.969,178.969,0.08,3.43,0.07,15.0,0.14,15.0,0.15,25.0,0.86,15.0,0.85,25.0,0.92,3.43,0.93,15.0,0.06,0.06,43.704151,1776228478000
1776228480.12,180.12,0.08,3.43,0.07,15.0,0.14,15.0,0.15,25.0,0.86,15.0,0.85,25.0,0.92,3.43,0.93,15.0,0.06,0.06,43.704664,1776228479000
1776228480.619,180.619,0.05,15.0,0.04,20.0,0.12,15.0,0.13,15.0,0.86,15.0,0.85,25.0,0.92,3.43,0.93,15.0,0.07,0.06,43.704664,1776228479000
1776228481.234,181.234,0.05,15.0,0.04,20.0,0.12,15.0,0.13,15.0,0.88,15.0,0.87,15.0,0.95,15.0,0.96,20.0,0.07,0.07,43.703877,1776228480000
1776228482.329,182.329,0.05,15.0,0.04,20.0,0.12,15.0,0.13,15.0,0.88,15.0,0.87,15.0,0.95,15.0,0.96,20.0,0.07,0.07,43.70422,1776228481000
1776228482.875,182.875,0.05,15.0,0.04,20.0,0.12,15.0,0.13,15.0,0.88,15.0,0.87,15.0,0.95,15.0,0.96,20.0,0.07,0.07,43.70422,1776228482000
1776228484.159,184.159,0.05,15.0,0.04,20.0,0.12,15.0,0.13,15.0,0.88,15.0,0.87,15.0,0.95,15.0,0.96,20.0,0.07,0.07,43.703388,1776228483000
1776228485.33,185.33,0.05,15.0,0.04,20.0,0.12,15.0,0.13,15.0,0.88,15.0,0.87,15.0,0.95,15.0,0.96,20.0,0.07,0.07,43.706211,1776228484000
1776228486.653,186.653,0.05,9.73,0.04,20.0,0.09,15.0,0.1,15.0,0.91,15.0,0.9,15.0,0.95,9.73,0.96,20.0,0.04,0.04,43.704682,1776228485000
1776228487.6,187.6,0.05,9.73,0.04,20.0,0.09,15.0,0.1,15.0,0.91,15.0,0.9,15.0,0.95,9.73,0.96,20.0,0.04,0.04,43.704682,1776228486000
1776228488.143,188.143,0.05,9.73,0.04,20.0,0.09,15.0,0.1,15.0,0.91,15.0,0.9,15.0,0.95,9.73,0.96,20.0,0.04,0.04,43.704326,1776228487000
1776228489.565,189.565,0.05,9.73,0.04,20.0,0.09,15.0,0.1,15.0,0.91,15.0,0.9,15.0,0.95,9.73,0.96,20.0,0.04,0.04,43.704165,1776228488000
1776228490.101,190.101,0.05,9.73,0.04,20.0,0.09,15.0,0.1,15.0,0.91,15.0,0.9,15.0,0.95,9.73,0.96,20.0,0.04,0.04,43.711297,1776228489000
1776228491.37,191.37,0.05,9.73,0.04,20.0,0.09,15.0,0.1,15.0,0.91,15.0,0.9,15.0,0.95,9.73,0.96,20.0,0.04,0.04,43.710552,1776228490000
1776228492.445,192.445,0.05,9.73,0.04,20.0,0.09,15.0,0.1,15.0,0.91,15.0,0.9,15.0,0.95,9.73,0.96,20.0,0.04,0.04,43.705985,1776228491000
1776228492.964,192.964,0.05,9.73,0.04,20.0,0.09,15.0,0.1,15.0,0.91,15.0,0.9,15.0,0.95,9.73,0.96,20.0,0.04,0.04,43.705005,1776228492000
1776228493.348,193.348,0.05,9.73,0.04,20.0,0.1,15.0,0.11,15.0,0.91,15.0,0.9,15.0,0.95,9.73,0.96,20.0,0.05,0.04,43.705005,1776228492000
1776228494.198,194.198,0.05,9.73,0.04,20.0,0.1,15.0,0.11,15.0,0.9,15.0,0.89,15.0,0.95,9.73,0.96,20.0,0.05,0.05,43.704453,1776228493000
1776228495.288,195.288,0.05,9.73,0.04,20.0,0.1,15.0,0.11,15.0,0.9,15.0,0.89,15.0,0.95,9.73,0.96,20.0,0.05,0.05,43.705866,1776228494000
1776228496.406,196.406,0.05,9.73,0.04,20.0,0.1,15.0,0.11,15.0,0.9,15.0,0.89,15.0,0.95,9.73,0.96,20.0,0.05,0.05,43.705949,1776228495000
1776228496.993,196.993,0.05,9.73,0.04,20.0,0.12,15.0,0.13,15.0,0.88,15.0,0.87,15.0,0.95,9.73,0.96,20.0,0.07,0.07,43.705949,1776228496000
1776228498.152,198.152,0.05,9.73,0.04,20.0,0.12,15.0,0.13,15.0,0.88,15.0,0.87,15.0,0.95,9.73,0.96,20.0,0.07,0.07,43.706027,1776228497000
1776228498.523,198.523,0.05,9.73,0.04,20.0,0.1,15.0,0.11,15.0,0.88,15.0,0.87,15.0,0.95,9.73,0.96,20.0,0.05,0.07,43.706027,1776228497000
1776228499.296,199.296,0.05,9.73,0.04,20.0,0.1,15.0,0.11,15.0,0.9,15.0,0.89,15.0,0.95,9.73,0.96,20.0,0.05,0.05,43.705488,1776228498000
1776228500.424,200.424,0.05,9.73,0.04,20.0,0.1,15.0,0.11,15.0,0.9,15.0,0.89,15.0,0.95,9.73,0.96,20.0,0.05,0.05,43.703907,1776228499000
1776228500.955,200.955,0.05,9.73,0.04,20.0,0.1,15.0,0.11,15.0,0.9,15.0,0.89,15.0,0.95,9.73,0.96,20.0,0.05,0.05,43.703907,1776228500000
1776228502.105,202.105,0.05,9.73,0.04,20.0,0.1,15.0,0.11,15.0,0.9,15.0,0.89,15.0,0.95,9.73,0.96,20.0,0.05,0.05,43.703907,1776228501000
1776228503.309,203.309,0.05,9.73,0.04,20.0,0.1,15.0,0.11,15.0,0.9,15.0,0.89,15.0,0.95,9.73,0.96,20.0,0.05,0.05,43.703912,1776228502000
1776228504.302,204.302,0.05,9.73,0.04,20.0,0.1,15.0,0.11,15.0,0.9,15.0,0.89,15.0,0.95,9.73,0.96,20.0,0.05,0.05,43.703706,1776228503000
1776228504.931,204.931,0.05,9.73,0.04,20.0,0.1,15.0,0.11,15.0,0.9,15.0,0.89,15.0,0.95,9.73,0.96,20.0,0.05,0.05,43.703706,1776228504000
1776228505.952,205.952,0.03,15.0,0.02,25.0,0.07,15.0,0.08,15.0,0.93,15.0,0.92,15.0,0.97,15.0,0.98,25.0,0.04,0.04,43.703672,1776228505000
1776228506.985,206.985,0.03,13.96,0.02,25.0,0.06,15.0,0.07,15.0,0.94,15.0,0.93,15.0,0.97,13.96,0.98,25.0,0.03,0.03,43.703293,1776228506000
1776228508.036,208.036,0.03,13.96,0.02,25.0,0.06,15.0,0.07,15.0,0.94,15.0,0.93,15.0,0.97,13.96,0.98,25.0,0.03,0.03,43.703191,1776228507000
1776228509.143,209.143,0.03,13.96,0.02,25.0,0.06,15.0,0.07,15.0,0.94,15.0,0.93,15.0,0.97,13.96,0.98,25.0,0.03,0.03,43.703191,1776228508000
1776228510.227,210.227,0.03,13.96,0.02,25.0,0.06,15.0,0.07,15.0,0.94,15.0,0.93,15.0,0.97,13.96,0.98,25.0,0.03,0.03,43.703294,1776228509000
1776228511.263,211.263,0.03,13.96,0.02,25.0,0.06,15.0,0.07,15.0,0.94,15.0,0.93,15.0,0.97,13.96,0.98,25.0,0.03,0.03,43.703089,1776228510000
1776228512.32,212.32,0.03,13.96,0.02,25.0,0.06,15.0,0.07,15.0,0.94,15.0,0.93,15.0,0.97,13.96,0.98,25.0,0.03,0.03,43.703089,1776228511000
1776228513.337,213.337,0.03,13.96,0.02,25.0,0.06,15.0,0.07,15.0,0.94,15.0,0.93,15.0,0.97,13.96,0.98,25.0,0.03,0.03,43.703089,1776228512000
1776228513.958,213.958,0.02,23.74,0.01,200.0,0.04,20.0,0.05,15.0,0.94,15.0,0.93,15.0,0.97,13.96,0.98,25.0,0.02,0.03,43.703089,1776228512000
1776228514.391,214.391,0.02,23.74,0.01,200.0,0.04,20.0,0.05,15.0,0.96,20.0,0.95,15.0,0.98,23.74,0.99,200.0,0.02,0.02,43.703091,1776228513000
1776228515.31,215.31,0.02,23.74,0.01,200.0,0.04,20.0,0.05,15.0,0.96,20.0,0.95,15.0,0.98,23.74,0.99,200.0,0.02,0.02,43.701856,1776228514000
1776228515.9,215.9,0.02,23.74,0.01,200.0,0.04,20.0,0.05,15.0,0.96,20.0,0.95,15.0,0.98,23.74,0.99,200.0,0.02,0.02,43.701856,1776228515000
1776228516.83,216.83,0.02,23.74,0.01,200.0,0.04,20.0,0.05,15.0,0.96,20.0,0.95,15.0,0.98,23.74,0.99,200.0,0.02,0.02,43.701698,1776228516000
1776228518.47,218.47,0.02,23.74,0.01,200.0,0.04,20.0,0.05,15.0,0.96,20.0,0.95,15.0,0.98,23.74,0.99,200.0,0.02,0.02,43.701333,1776228517000
1776228518.883,218.883,0.02,3.74,0.01,100.0,0.04,20.0,0.05,15.0,0.96,20.0,0.95,15.0,0.98,23.74,0.99,200.0,0.02,0.02,43.701333,1776228517000
1776228520.124,220.124,0.02,3.74,0.01,100.0,0.04,20.0,0.05,15.0,0.96,20.0,0.95,15.0,0.98,3.74,0.99,100.0,0.02,0.02,43.701335,1776228519000
1776228521.146,221.146,0.02,3.74,0.01,100.0,0.04,20.0,0.05,15.0,0.96,20.0,0.95,15.0,0.98,3.74,0.99,100.0,0.02,0.02,43.701335,1776228520000
1776228522.163,222.163,0.02,3.74,0.01,100.0,0.04,20.0,0.05,15.0,0.96,20.0,0.95,15.0,0.98,3.74,0.99,100.0,0.02,0.02,43.701337,1776228521000
1776228523.242,223.242,0.02,3.74,0.01,100.0,0.04,20.0,0.05,15.0,0.96,20.0,0.95,15.0,0.98,3.74,0.99,100.0,0.02,0.02,43.701337,1776228522000
1776228524.174,224.174,0.02,3.74,0.01,100.0,0.04,20.0,0.05,15.0,0.96,20.0,0.95,15.0,0.98,3.74,0.99,100.0,0.02,0.02,43.701337,1776228523000
1776228525.216,225.216,0.02,3.74,0.01,100.0,0.04,20.0,0.05,15.0,0.96,20.0,0.95,15.0,0.98,3.74,0.99,100.0,0.02,0.02,43.701337,1776228524000
1776228526.247,226.247,0.02,3.74,0.01,100.0,0.04,20.0,0.05,15.0,0.96,20.0,0.95,15.0,0.98,3.74,0.99,100.0,0.02,0.02,43.701338,1776228525000
1776228527.285,227.285,0.02,3.74,0.01,100.0,0.04,20.0,0.05,15.0,0.96,20.0,0.95,15.0,0.98,3.74,0.99,100.0,0.02,0.02,43.701329,1776228526000
1776228528.31,228.31,0.02,3.74,0.01,100.0,0.04,20.0,0.05,15.0,0.96,20.0,0.95,15.0,0.98,3.74,0.99,100.0,0.02,0.02,43.702454,1776228527000
1776228529.421,229.421,0.02,3.74,0.01,100.0,0.04,20.0,0.05,15.0,0.96,20.0,0.95,15.0,0.98,3.74,0.99,100.0,0.02,0.02,43.702487,1776228528000
1776228530.37,230.37,0.02,3.74,0.01,100.0,0.04,20.0,0.05,15.0,0.96,20.0,0.95,15.0,0.98,3.74,0.99,100.0,0.02,0.02,43.702161,1776228529000
1776228530.584,230.584,0.03,7.5,0.02,15.0,0.04,5.0,0.06,15.0,0.96,20.0,0.95,15.0,0.98,3.74,0.99,100.0,0.01,0.02,43.702161,1776228529000
1776228531.522,231.522,0.03,7.5,0.02,15.0,0.04,5.0,0.06,15.0,0.96,5.0,0.94,15.0,0.97,7.5,0.98,15.0,0.01,0.01,43.69743,1776228530000
1776228532.102,232.102,0.03,7.5,0.02,15.0,0.04,5.0,0.06,15.0,0.96,5.0,0.94,15.0,0.97,7.5,0.98,15.0,0.01,0.01,43.702937,1776228531000
1776228532.38,232.38,0.02,15.0,0.01,100.0,0.04,5.0,0.06,15.0,0.96,5.0,0.94,15.0,0.97,7.5,0.98,15.0,0.02,0.01,43.702937,1776228531000
1776228532.769,232.769,0.03,10.0,0.02,15.0,0.04,5.0,0.06,15.0,0.96,5.0,0.94,15.0,0.98,15.0,0.99,100.0,0.01,0.02,43.702937,1776228531000
1776228533.985,233.985,0.03,10.0,0.02,15.0,0.04,5.0,0.06,15.0,0.96,5.0,0.94,15.0,0.97,10.0,0.98,15.0,0.01,0.01,43.703132,1776228533000
1776228535.009,235.009,0.03,10.0,0.02,15.0,0.04,5.0,0.06,15.0,0.96,5.0,0.94,15.0,0.97,10.0,0.98,15.0,0.01,0.01,43.703132,1776228534000
1776228535.98,235.98,0.03,10.0,0.02,15.0,0.04,5.0,0.06,15.0,0.96,5.0,0.94,15.0,0.97,10.0,0.98,15.0,0.01,0.01,43.703698,1776228535000
1776228536.957,236.957,0.03,10.0,0.02,15.0,0.04,5.0,0.06,15.0,0.96,5.0,0.94,15.0,0.97,10.0,0.98,15.0,0.01,0.01,43.703602,1776228536000
1776228537.927,237.927,0.03,10.0,0.02,15.0,0.04,5.0,0.06,15.0,0.96,5.0,0.94,15.0,0.97,10.0,0.98,15.0,0.01,0.01,43.703602,1776228537000
1776228538.911,238.911,0.03,10.0,0.02,15.0,0.04,5.0,0.06,15.0,0.96,5.0,0.94,15.0,0.97,10.0,0.98,15.0,0.01,0.01,43.703628,1776228538000
1776228539.986,239.986,0.03,10.0,0.02,15.0,0.04,5.0,0.06,15.0,0.96,5.0,0.94,15.0,0.97,10.0,0.98,15.0,0.01,0.01,43.702663,1776228539000
1776228540.903,240.903,0.03,10.0,0.02,15.0,0.04,5.0,0.06,15.0,0.96,5.0,0.94,15.0,0.97,10.0,0.98,15.0,0.01,0.01,43.702663,1776228540000
1776228541.931,241.931,0.03,10.0,0.02,15.0,0.04,5.0,0.06,15.0,0.96,5.0,0.94,15.0,0.97,10.0,0.98,15.0,0.01,0.01,43.703209,1776228541000
1776228542.909,242.909,0.03,10.0,0.02,15.0,0.04,5.0,0.06,15.0,0.96,5.0,0.94,15.0,0.97,10.0,0.98,15.0,0.01,0.01,43.703785,1776228542000
1776228544.344,244.344,0.03,10.0,0.02,15.0,0.04,5.0,0.06,15.0,0.96,5.0,0.94,15.0,0.97,10.0,0.98,15.0,0.01,0.01,43.703779,1776228543000
1776228545.446,245.446,0.03,10.0,0.02,15.0,0.04,5.0,0.06,15.0,0.96,5.0,0.94,15.0,0.97,10.0,0.98,15.0,0.01,0.01,43.703201,1776228544000
1776228545.933,245.933,0.03,10.0,0.02,15.0,0.04,5.0,0.06,15.0,0.96,5.0,0.94,15.0,0.97,10.0,0.98,15.0,0.01,0.01,43.703201,1776228545000
1776228546.966,246.966,0.03,10.0,0.02,15.0,0.04,5.0,0.06,15.0,0.96,5.0,0.94,15.0,0.97,10.0,0.98,15.0,0.01,0.01,43.703296,1776228546000
1776228548.043,248.043,0.03,10.0,0.02,15.0,0.04,5.0,0.06,15.0,0.96,5.0,0.94,15.0,0.97,10.0,0.98,15.0,0.01,0.01,43.703487,1776228547000
1776228549.115,249.115,0.03,10.0,0.02,15.0,0.04,5.0,0.06,15.0,0.96,5.0,0.94,15.0,0.97,10.0,0.98,15.0,0.01,0.01,43.704254,1776228548000
1776228550.194,250.194,0.03,10.0,0.02,15.0,0.04,5.0,0.06,15.0,0.96,5.0,0.94,15.0,0.97,10.0,0.98,15.0,0.01,0.01,43.702411,1776228549000
1776228551.301,251.301,0.03,10.0,0.02,15.0,0.04,5.0,0.06,15.0,0.96,5.0,0.94,15.0,0.97,10.0,0.98,15.0,0.01,0.01,43.701704,1776228550000
1776228551.978,251.978,0.01,80.0,,,0.02,20.0,0.03,15.0,0.96,5.0,0.94,15.0,0.97,10.0,0.98,15.0,0.01,0.01,43.701704,1776228550000
1776228552.367,252.367,0.01,80.0,,,0.02,20.0,0.03,15.0,0.98,20.0,0.97,15.0,0.99,80.0,,,0.01,0.01,43.699543,1776228551000
1776228553.517,253.517,0.01,80.0,,,0.02,20.0,0.03,15.0,0.98,20.0,0.97,15.0,0.99,80.0,,,0.01,0.01,43.694858,1776228552000
1776228553.982,253.982,0.01,80.0,,,0.02,20.0,0.03,15.0,0.98,20.0,0.97,15.0,0.99,80.0,,,0.01,0.01,43.693653,1776228553000
1776228554.932,254.932,0.01,69.9,,,0.02,20.0,0.03,15.0,0.98,20.0,0.97,15.0,0.99,80.0,,,0.01,0.01,43.693653,1776228553000
1776228555.136,255.136,0.01,69.9,,,0.02,20.0,0.03,15.0,0.98,20.0,0.97,15.0,0.99,69.9,,,0.01,0.01,43.691948,1776228554000
1776228555.917,255.917,0.01,49.9,,,0.02,20.0,0.03,15.0,0.98,20.0,0.97,15.0,0.99,69.9,,,0.01,0.01,43.691948,1776228554000
1776228556.245,256.245,0.01,49.9,,,0.02,20.0,0.03,15.0,0.98,20.0,0.97,15.0,0.99,49.9,,,0.01,0.01,43.691786,1776228555000
1776228557.395,257.395,0.01,49.9,,,0.02,20.0,0.03,15.0,0.98,20.0,0.97,15.0,0.99,49.9,,,0.01,0.01,43.692261,1776228556000
1776228558.294,258.294,0.01,29.9,,,0.02,20.0,0.03,15.0,0.98,20.0,0.97,15.0,0.99,29.9,,,0.01,0.01,43.692178,1776228557000
1776228559.227,259.227,0.01,19.9,,,0.02,20.0,0.03,15.0,0.98,20.0,0.97,15.0,0.99,19.9,,,0.01,0.01,43.691602,1776228558000
1776228560.318,260.318,0.01,19.9,,,0.02,20.0,0.03,15.0,0.98,20.0,0.97,15.0,0.99,19.9,,,0.01,0.01,43.692587,1776228559000
1776228561.153,261.153,0.01,9.9,,,0.02,20.0,0.03,15.0,0.98,20.0,0.97,15.0,0.99,19.9,,,0.01,0.01,43.692587,1776228559000
1776228561.502,261.502,,,,,0.02,20.0,0.03,15.0,0.98,20.0,0.97,15.0,0.99,9.9,,,,0.01,43.69211,1776228560000
1776228562.214,262.214,,,,,0.02,20.0,0.03,15.0,0.98,20.0,0.97,15.0,,,,,,,43.692392,1776228561000
1776228563.177,263.177,,,,,0.01,14.85,0.02,20.0,0.98,20.0,0.97,15.0,,,,,,,43.692392,1776228561000
1776228564.285,264.285,,,,,0.01,14.85,0.02,20.0,0.99,14.85,0.98,20.0,,,,,,,43.691814,1776228563000
1776228565.265,265.265,,,,,0.01,14.85,0.02,20.0,0.99,14.85,0.98,20.0,,,,,,,43.684953,1776228564000
1776228565.577,265.577,,,,,0.01,0.01,0.02,20.0,0.99,14.85,0.98,20.0,,,,,,,43.684953,1776228564000
1776228566.201,266.201,,,,,0.01,0.01,0.02,20.0,0.99,0.01,0.98,20.0,,,,,,,43.669339,1776228565000
1776228567.102,267.102,,,,,0.01,0.01,0.02,20.0,0.99,0.01,0.98,20.0,,,,,,,43.663642,1776228566000
1776228568.154,268.154,,,,,0.01,0.01,0.02,20.0,0.99,0.01,0.98,20.0,,,,,,,43.663111,1776228567000
1776228569.244,269.244,,,,,0.01,0.01,0.02,20.0,0.99,0.01,0.98,20.0,,,,,,,43.663075,1776228568000
1776228570.178,270.178,,,,,0.01,0.01,0.02,20.0,0.99,0.01,0.98,20.0,,,,,,,43.66253,1776228569000
1776228571.296,271.296,,,,,0.01,0.01,0.02,20.0,0.99,0.01,0.98,20.0,,,,,,,43.662185,1776228570000
1776228572.806,272.806,,,,,0.01,0.01,0.02,20.0,0.99,0.01,0.98,20.0,,,,,,,43.662025,1776228571000
1776228573.389,273.389,,,,,0.01,0.01,0.02,20.0,0.99,0.01,0.98,20.0,,,,,,,43.662165,1776228572000
1776228573.98,273.98,,,,,0.01,0.01,0.02,20.0,0.99,0.01,0.98,20.0,,,,,,,43.662406,1776228573000
1776228575.212,275.212,,,,,0.01,0.01,0.02,20.0,0.99,0.01,0.98,20.0,,,,,,,43.662335,1776228574000
1776228576.513,276.513,,,,,0.01,0.01,0.02,20.0,0.99,0.01,0.98,20.0,,,,,,,43.660179,1776228575000
1776228577.112,277.112,,,,,0.01,0.01,0.02,20.0,0.99,0.01,0.98,20.0,,,,,,,43.656325,1776228576000
1776228578.592,278.592,,,,,0.01,0.01,0.02,20.0,0.99,0.01,0.98,20.0,,,,,,,43.660672,1776228577000
1776228579.182,279.182,,,,,0.01,0.01,0.02,20.0,0.99,0.01,0.98,20.0,,,,,,,43.660672,1776228578000
1776228580.524,280.524,,,,,0.01,0.01,0.02,20.0,0.99,0.01,0.98,20.0,,,,,,,43.660477,1776228579000
1776228580.979,280.979,,,,,0.01,0.01,0.02,20.0,0.99,0.01,0.98,20.0,,,,,,,43.660201,1776228580000
1776228582.156,282.156,,,,,0.01,0.01,0.02,20.0,0.99,0.01,0.98,20.0,,,,,,,43.660109,1776228581000
1776228583.521,283.521,,,,,0.01,0.01,0.02,20.0,0.99,0.01,0.98,20.0,,,,,,,43.673362,1776228582000
1776228583.982,283.982,,,,,0.01,0.01,0.02,20.0,0.99,0.01,0.98,20.0,,,,,,,43.675992,1776228583000
1776228585.296,285.296,,,,,0.01,0.01,0.02,20.0,0.99,0.01,0.98,20.0,,,,,,,43.676499,1776228584000
1776228586.419,286.419,,,,,0.01,0.01,0.02,20.0,0.99,0.01,0.98,20.0,,,,,,,43.677381,1776228585000
1776228587.347,287.347,,,,,0.01,0.01,0.02,20.0,0.99,0.01,0.98,20.0,,,,,,,43.677381,1776228586000
1776228587.852,287.852,,,,,0.01,0.01,0.02,20.0,0.99,0.01,0.98,20.0,,,,,,,43.696884,1776228587000
1776228589.027,289.027,,,,,0.01,0.01,0.02,20.0,0.99,0.01,0.98,20.0,,,,,,,43.710677,1776228588000
1776228590.231,290.231,,,,,0.01,0.01,0.02,20.0,0.99,0.01,0.98,20.0,,,,,,,43.710883,1776228589000
1776228591.096,291.096,,,,,0.01,0.01,0.02,20.0,0.99,0.01,0.98,20.0,,,,,,,43.711027,1776228590000
1776228592.09,292.09,,,,,0.01,0.01,0.02,20.0,0.99,0.01,0.98,20.0,,,,,,,43.711565,1776228591000
1776228592.526,292.526,,,,,0.01,5.07,0.1,10.0,0.99,0.01,0.98,20.0,,,,,,,43.711565,1776228591000
1776228593.198,293.198,,,,,0.01,5.07,0.1,10.0,0.99,5.07,0.9,10.0,,,,,,,43.712174,1776228592000
1776228594.322,294.322,,,,,0.01,5.07,0.1,10.0,0.99,5.07,0.9,10.0,,,,,,,43.713052,1776228593000
1776228595.271,295.271,,,,,0.01,5.07,0.1,10.0,0.99,5.07,0.9,10.0,,,,,,,43.716018,1776228594000
1776228596.472,296.472,,,,,0.01,5.07,0.1,10.0,0.99,5.07,0.9,10.0,,,,,,,43.72261,1776228595000
1776228596.944,296.944,,,,,0.01,5.07,0.1,10.0,0.99,5.07,0.9,10.0,,,,,,,43.722703,1776228596000
1776228598.066,298.066,,,,,0.01,5.07,0.1,10.0,0.99,5.07,0.9,10.0,,,,,,,43.73142,1776228597000
1776228599.075,299.075,,,,,0.01,5.07,0.1,10.0,0.99,5.07,0.9,10.0,,,,,,,43.732627,1776228598000
1776228600.129,300.129,,,,,0.01,5.07,0.1,10.0,0.99,5.07,0.9,10.0,,,,,,,43.732596,1776228599000
1776228600.959,300.959,,,,,0.01,5.07,0.1,10.0,0.99,5.07,0.9,10.0,,,,,,,43.733166,1776228600000
1776228602.205,302.205,,,,,0.01,5.07,0.1,10.0,0.99,5.07,0.9,10.0,,,,,,,43.733952,1776228601000

# RESULT,winner=Down,slug=hype-updown-5m-1776228300,ticks=309
